01092630508
01090215452
01090215452
01090215452
01090215452
01090215452
01090215452
01090215452
01090215452
01090215452
01090215452
01090215452
01090215452
01090215452
01090215452
01090215452
01090215452
01090215452
01090215452
01090215452
01090215452
01088724750
01088724750
01088724750
01088724750
01088724750
01088724750
01088724750
01088724750
01088724750
01088724750
01088724750
01088724750
01088724750
01088724750
01088724750
01088724750
01088724750
01088724750
01088724750
01088724750
01032312078
01032312078
01032312078
01032312078
01032312078
01032312078
01032312078
01032312078
01032312078
01032312078
01032312078
01032312078
01032312078
01032312078
01032312078
01032312078
01032312078
01032312078
01032312078
01032312078
01052979337
01052979337
01052979337
01052979337
01052979337
01052979337
01052979337
01052979337
01052979337
01052979337
01052979337
01052979337
01052979337
01052979337
01052979337
01052979337
01052979337
01052979337
01052979337
01052979337
01089367704
01089367704
01089367704
01089367704
01089367704
01089367704
01089367704
01089367704
01089367704
01089367704
01089367704
01089367704
01089367704
01089367704
01089367704
01089367704
01089367704
01089367704
01089367704
01089367704
01026580680
01026580680
01026580680
01026580680
01026580680
01026580680
01026580680
01026580680
01026580680
01026580680
01026580680
01026580680
01026580680
01026580680
01026580680
01026580680
01026580680
01026580680
01026580680
01026580680
01037577439
01037577439
01037577439
01037577439
01037577439
01037577439
01037577439
01037577439
01037577439
01037577439
01037577439
01037577439
01037577439
01037577439
01037577439
01037577439
01037577439
01037577439
01037577439
01037577439
01039184228
01039184228
01039184228
01039184228
01039184228
01039184228
01039184228
01039184228
01039184228
01039184228
01039184228
01039184228
01039184228
01039184228
01039184228
01039184228
01039184228
01039184228
01039184228
01039184228
01090465993
01090465993
01090465993
01090465993
01090465993
01090465993
01090465993
01090465993
01090465993
01090465993
01090465993
01090465993
01090465993
01090465993
01090465993
01090465993
01090465993
01090465993
01090465993
01090465993
01093316305
01093316305
01093316305
01093316305
01093316305
01093316305
01093316305
01093316305
01093316305
01093316305
01093316305
01093316305
01093316305
01093316305
01093316305
01093316305
01093316305
01093316305
01093316305
01093316305
01088880465
01088880465
01088880465
01088880465
01088880465
01088880465
01088880465
01088880465
01088880465
01088880465
01088880465
01088880465
01088880465
01088880465
01088880465
01088880465
01088880465
01088880465
01088880465
01088880465
01091938452
01091938452
01091938452
01091938452
01091938452
01091938452
01091938452
01091938452
01091938452
01091938452
01091938452
01091938452
01091938452
01091938452
01091938452
01091938452
01091938452
01091938452
01091938452
01091938452
01068557360
01068557360
01068557360
01068557360
01068557360
01068557360
01068557360
01068557360
01068557360
01068557360
01068557360
01068557360
01068557360
01068557360
01068557360
01068557360
01068557360
01068557360
01068557360
01068557360
01040677860
01040677860
01040677860
01040677860
01040677860
01040677860
01040677860
01040677860
01040677860
01040677860
01040677860
01040677860
01040677860
01040677860
01040677860
01040677860
01040677860
01040677860
01040677860
01040677860
01087065441
01087065441
01087065441
01087065441
01087065441
01087065441
01087065441
01087065441
01087065441
01087065441
01087065441
01087065441
01087065441
01087065441
01087065441
01087065441
01087065441
01087065441
01087065441
01087065441
01045012238
01045012238
01045012238
01045012238
01045012238
01045012238
01045012238
01045012238
01045012238
01045012238
01045012238
01045012238
01045012238
01045012238
01045012238
01045012238
01045012238
01045012238
01045012238
01045012238
01047868258
01047868258
01047868258
01047868258
01047868258
01047868258
01047868258
01047868258
01047868258
01047868258
01047868258
01047868258
01047868258
01047868258
01047868258
01047868258
01047868258
01047868258
01047868258
01047868258
01089388031
01089388031
01089388031
01089388031
01089388031
01089388031
01089388031
01089388031
01089388031
01089388031
01089388031
01089388031
01089388031
01089388031
01089388031
01089388031
01089388031
01089388031
01089388031
01089388031
01035727287
01035727287
01035727287
01035727287
01035727287
01035727287
01035727287
01035727287
01035727287
01035727287
01035727287
01035727287
01035727287
01035727287
01035727287
01035727287
01035727287
01035727287
01035727287
01035727287
01052479943
01052479943
01052479943
01052479943
01052479943
01052479943
01052479943
01052479943
01052479943
01052479943
01052479943
01052479943
01052479943
01052479943
01052479943
01052479943
01052479943
01052479943
01052479943
01052479943
01053978159
01053978159
01053978159
01053978159
01053978159
01053978159
01053978159
01053978159
01053978159
01053978159
01053978159
01053978159
01053978159
01053978159
01053978159
01053978159
01053978159
01053978159
01053978159
01053978159
01050606533
01050606533
01050606533
01050606533
01050606533
01050606533
01050606533
01050606533
01050606533
01050606533
01050606533
01050606533
01050606533
01050606533
01050606533
01050606533
01050606533
01050606533
01050606533
01050606533
01094800690
01094800690
01094800690
01094800690
01094800690
01094800690
01094800690
01094800690
01094800690
01094800690
01094800690
01094800690
01094800690
01094800690
01094800690
01094800690
01094800690
01094800690
01094800690
01094800690
01085040207
01085040207
01085040207
01085040207
01085040207
01085040207
01085040207
01085040207
01085040207
01085040207
01087407925
01087407925
01087407925
01087407925
01087407925
01087407925
01087407925
01087407925
01087407925
01087407925
01045689191
01045689191
01045689191
01045689191
01045689191
01045689191
01045689191
01045689191
01045689191
01045689191
01031191000
01031191000
01031191000
01031191000
01031191000
01031191000
01031191000
01031191000
01031191000
01031191000
01062337040
01062337040
01062337040
01062337040
01062337040
01062337040
01062337040
01062337040
01062337040
01062337040
01033416922
01033416922
01033416922
01033416922
01033416922
01033416922
01033416922
01033416922
01033416922
01033416922
01045635555
01045635555
01045635555
01045635555
01045635555
01045635555
01045635555
01045635555
01045635555
01045635555
01076649498
01076649498
01076649498
01076649498
01076649498
01076649498
01076649498
01076649498
01076649498
01076649498
01027224212
01027224212
01027224212
01027224212
01027224212
01027224212
01027224212
01027224212
01027224212
01027224212
01038659160
01038659160
01038659160
01038659160
01038659160
01038659160
01038659160
01038659160
01038659160
01038659160
01032125487
01032125487
01032125487
01032125487
01032125487
01032125487
01032125487
01032125487
01032125487
01032125487
01043453577
01043453577
01043453577
01043453577
01043453577
01043453577
01043453577
01043453577
01043453577
01043453577
01094439601
01094439601
01094439601
01094439601
01094439601
01094439601
01094439601
01094439601
01094439601
01094439601
01071323878
01071323878
01071323878
01071323878
01071323878
01071323878
01071323878
01071323878
01071323878
01071323878
01081425005
01081425005
01081425005
01081425005
01081425005
01081425005
01081425005
01081425005
01081425005
01081425005
01027328628
01027328628
01027328628
01027328628
01027328628
01027328628
01027328628
01027328628
01027328628
01027328628
01066674192
01066674192
01066674192
01066674192
01066674192
01066674192
01066674192
01066674192
01066674192
01066674192
01030890690
01030890690
01030890690
01030890690
01030890690
01030890690
01030890690
01030890690
01030890690
01030890690
01052440665
01052440665
01052440665
01052440665
01052440665
01052440665
01052440665
01052440665
01052440665
01052440665
01090178571
01090178571
01090178571
01090178571
01090178571
01090178571
01090178571
01090178571
01090178571
01090178571
01091275340
01091275340
01091275340
01091275340
01091275340
01091275340
01091275340
01091275340
01091275340
01091275340
01092676579
01092676579
01092676579
01092676579
01092676579
01092676579
01092676579
01092676579
01092676579
01092676579
01076545477
01076545477
01076545477
01076545477
01076545477
01076545477
01076545477
01076545477
01076545477
01076545477
01064240556
01064240556
01064240556
01064240556
01064240556
01064240556
01064240556
01064240556
01064240556
01064240556
01026922370
01026922370
01026922370
01026922370
01026922370
01026922370
01026922370
01026922370
01026922370
01026922370
01099090924
01099090924
01099090924
01099090924
01099090924
01099090924
01099090924
01099090924
01099090924
01099090924
01035051334
01035051334
01035051334
01035051334
01035051334
01035051334
01035051334
01035051334
01035051334
01035051334
01090102764
01090102764
01090102764
01090102764
01090102764
01090102764
01090102764
01090102764
01090102764
01090102764
01062632721
01062632721
01062632721
01062632721
01062632721
01062632721
01062632721
01062632721
01062632721
01062632721
01041101607
01041101607
01041101607
01041101607
01041101607
01041101607
01041101607
01041101607
01041101607
01041101607
01089335650
01089335650
01089335650
01089335650
01089335650
01089335650
01089335650
01089335650
01089335650
01089335650
01036514951
01036514951
01036514951
01036514951
01036514951
01036514951
01036514951
01036514951
01036514951
01036514951
01090277047
01090277047
01090277047
01090277047
01090277047
01090277047
01090277047
01090277047
01090277047
01090277047
01035833514
01035833514
01035833514
01035833514
01035833514
01035833514
01035833514
01035833514
01035833514
01035833514
01023935709
01023935709
01023935709
01023935709
01023935709
01023935709
01023935709
01023935709
01023935709
01023935709
01053748577
01053748577
01053748577
01053748577
01053748577
01053748577
01053748577
01053748577
01053748577
01053748577
01062472676
01062472676
01062472676
01062472676
01062472676
01062472676
01062472676
01062472676
01062472676
01062472676
01032562094
01032562094
01032562094
01032562094
01032562094
01032562094
01032562094
01032562094
01032562094
01032562094
01077509961
01077509961
01077509961
01077509961
01077509961
01077509961
01077509961
01077509961
01077509961
01077509961
01052177935
01052177935
01052177935
01052177935
01052177935
01052177935
01052177935
01052177935
01052177935
01052177935
01096302395
01096302395
01096302395
01096302395
01096302395
01096302395
01096302395
01096302395
01096302395
01096302395
01094963261
01094963261
01094963261
01094963261
01094963261
01094963261
01094963261
01094963261
01094963261
01094963261
01031680731
01031680731
01031680731
01031680731
01031680731
01031680731
01031680731
01031680731
01031680731
01031680731
01032469692
01032469692
01032469692
01032469692
01032469692
01032469692
01032469692
01032469692
01032469692
01032469692
01027439905
01027439905
01027439905
01027439905
01027439905
01027439905
01027439905
01027439905
01027439905
01027439905
01089285839
01089285839
01089285839
01089285839
01089285839
01089285839
01089285839
01089285839
01089285839
01089285839
01089092921
01089092921
01089092921
01089092921
01089092921
01089092921
01089092921
01089092921
01089092921
01089092921
01089092921
01089092921
01089092921
01089092921
01089092921
01089092921
01089092921
01089092921
01089092921
01089092921
01052074006
01052074006
01052074006
01052074006
01052074006
01052074006
01052074006
01052074006
01052074006
01052074006
01052074006
01052074006
01052074006
01052074006
01052074006
01052074006
01052074006
01052074006
01052074006
01052074006
01073311923
01073311923
01073311923
01073311923
01073311923
01073311923
01073311923
01073311923
01073311923
01073311923
01073311923
01073311923
01073311923
01073311923
01073311923
01073311923
01073311923
01073311923
01073311923
01073311923
01094427000
01094427000
01094427000
01094427000
01094427000
01094427000
01094427000
01094427000
01094427000
01094427000
01094427000
01094427000
01094427000
01094427000
01094427000
01094427000
01094427000
01094427000
01094427000
01094427000
01020983245
01020983245
01020983245
01020983245
01020983245
01020983245
01020983245
01020983245
01020983245
01020983245
01020983245
01020983245
01020983245
01020983245
01020983245
01020983245
01020983245
01020983245
01020983245
01020983245
01053781394
01053781394
01053781394
01053781394
01053781394
01053781394
01053781394
01053781394
01053781394
01053781394
01053781394
01053781394
01053781394
01053781394
01053781394
01053781394
01053781394
01053781394
01053781394
01053781394
01071170211
01071170211
01071170211
01071170211
01071170211
01071170211
01071170211
01071170211
01071170211
01071170211
01071170211
01071170211
01071170211
01071170211
01071170211
01071170211
01071170211
01071170211
01071170211
01071170211
01027353460
01027353460
01027353460
01027353460
01027353460
01027353460
01027353460
01027353460
01027353460
01027353460
01027353460
01027353460
01027353460
01027353460
01027353460
01027353460
01027353460
01027353460
01027353460
01027353460
01090675758
01090675758
01090675758
01090675758
01090675758
01090675758
01090675758
01090675758
01090675758
01090675758
01090675758
01090675758
01090675758
01090675758
01090675758
01090675758
01090675758
01090675758
01090675758
01090675758
01054490088
01054490088
01054490088
01054490088
01054490088
01054490088
01054490088
01054490088
01054490088
01054490088
01054490088
01054490088
01054490088
01054490088
01054490088
01054490088
01054490088
01054490088
01054490088
01054490088
01042957170
01042957170
01042957170
01042957170
01042957170
01042957170
01042957170
01042957170
01042957170
01042957170
01042957170
01042957170
01042957170
01042957170
01042957170
01042957170
01042957170
01042957170
01042957170
01042957170
01062256598
01062256598
01062256598
01062256598
01062256598
01062256598
01062256598
01062256598
01062256598
01062256598
01062256598
01062256598
01062256598
01062256598
01062256598
01062256598
01062256598
01062256598
01062256598
01062256598
01089827857
01089827857
01089827857
01089827857
01089827857
01089827857
01089827857
01089827857
01089827857
01089827857
01089827857
01089827857
01089827857
01089827857
01089827857
01089827857
01089827857
01089827857
01089827857
01089827857
01050260001
